24,40,48,49,56,59,71,
5,18,30,34,47,47,57,59,59,63,70,75,83,85,85,96,98,99,
5,6,6,6,6,19,20,25,26,37,45,51,62,73,74,95,96,99,
12,23,30,33,39,44,69,73,73,93,98,
20,41,60,70,71,97,
64,79,
10,14,17,18,22,52,53,57,62,65,69,95,98,
26,42,91,
19,24,85,
23,26,47,66,
20,
3,14,15,16,16,21,29,30,36,37,40,53,59,66,70,80,81,97,
3,11,12,17,20,24,33,34,38,40,42,49,61,62,70,83,88,93,
8,10,13,16,47,68,81,
0,0,0,2,8,14,22,23,34,49,58,60,65,82,82,84,88,
0,3,6,7,21,52,53,76,80,97,
54,82,

2,2,9,17,19,30,30,31,44,45,55,55,71,72,72,96,
3,4,43,53,85,
2,7,75,
8,
4,33,34,42,43,63,65,67,69,76,80,83,85,85,85,86,88,88,92,
9,15,16,54,81,91,
8,12,35,56,59,81,87,90,92,99,
7,15,23,36,37,40,40,42,45,69,74,
21,24,32,40,46,50,63,70,71,75,75,83,86,88,
0,14,19,30,32,35,56,64,71,76,79,80,83,93,99,
27,28,31,33,34,63,84,85,99,
13,13,15,37,41,46,59,67,67,70,72,75,77,78,91,96,
1,2,11,21,21,42,47,47,48,48,53,84,84,92,97,
12,14,16,39,46,49,52,57,61,64,65,68,85,
17,19,38,59,77,93,93,99,
0,16,25,26,54,81,
0,5,7,15,29,29,29,37,39,46,47,50,52,73,76,77,85,98,99,
10,10,14,16,18,23,23,27,31,35,40,51,52,55,60,63,72,83,87,
12,15,25,
49,
3,12,32,41,53,55,65,77,88,


35,42,76,
14,40,55,90,
3,40,57,64,77,85,
2,3,30,34,35,38,44,44,45,52,53,56,66,67,68,72,74,86,95,
20,24,27,67,68,94,

1,27,27,28,41,80,93,
37,38,45,46,48,51,56,59,65,74,90,98,
2,8,10,52,78,81,98,
24,33,46,57,73,79,85,87,93,98,
14,18,22,29,60,65,71,78,88,95,99,
5,9,13,38,42,74,75,84,88,89,90,91,96,99,
32,35,53,
15,34,41,41,50,60,60,61,65,70,75,82,91,91,94,96,
55,59,85,95,97,
24,37,59,61,79,80,
11,11,15,16,31,33,46,55,55,61,62,62,65,67,94,
4,8,12,21,30,30,46,58,62,73,74,82,92,
15,18,23,30,41,43,46,48,48,58,61,62,65,74,80,
4,15,24,49,78,78,80,
10,12,17,46,52,58,59,75,76,79,84,94,95,
0,22,26,33,61,81,81,89,99,
12,13,23,25,29,35,39,52,64,71,74,84,
1,12,30,42,49,53,55,56,60,62,81,87,89,96,96,
28,87,
79,91,
2,7,10,25,27,35,47,58,63,67,72,77,80,82,98,
41,60,
5,13,38,39,42,48,59,
10,21,47,69,80,86,87,
40,87,

10,13,18,19,19,26,33,38,39,40,55,55,72,75,79,92,98,98,
13,28,30,35,43,83,
4,
38,52,64,64,76,77,94,96,
3,27,31,37,39,52,72,76,84,
5,8,11,11,35,44,57,82,96,

12,17,20,26,49,61,61,65,72,86,92,94,95,
5,6,15,21,24,26,27,30,52,53,63,69,73,80,98,99,
0,5,22,29,29,37,39,43,48,53,57,67,71,72,73,79,97,
28,45,70,73,74,

0,4,6,12,15,22,25,29,30,37,44,54,65,76,81,82,87,88,97,
1,2,18,29,29,33,52,64,64,
5,17,29,38,41,51,54,64,66,66,67,70,78,80,85,94,94,
14,16,30,38,39,50,50,60,61,63,64,65,79,89,95,99,
54,58,60,
30,35,44,47,49,83,95,97,
37,54,58,62,64,73,78,78,82,84,92,
0,13,24,27,35,50,53,53,77,96,96,
10,13,24,39,48,57,75,98,
8,9,9,22,29,36,47,67,74,85,86,87,94,
0,7,13,13,18,19,31,40,56,67,72,78,79,97,
12,24,37,38,56,78,91,93,99,
1,2,10,24,57,83,
20,21,25,28,35,38,39,43,46,64,70,73,74,78,79,83,94,
7,10,37,52,59,60,62,63,63,67,73,82,83,89,97,
